first
25
-1 2 4 5 6 7 8 10 11 13 15 17 18 20 21 22 24
-2 4 5 6 7 8 10 12 13 16 17 18 19 23 24 25
-3 4 5 6 7 8 9 10 11 12 13 15 16 17 18 20 22 23 25
-4 5 7 8 9 11 12 16 17 18 19 20 21 23 24 25
-5 6 7 8 12 13 14 16 17 19 20 22 23 24 25
-6 7 8 9 10 11 12 13 14 18 19 20 22 23 24 25
-7 8 10 11 13 14 15 20 21 22 24
-8 9 10 11 14 15 17 19 20 22 23 24 25
-9 10 12 13 15 16 17 18 19 20 21 23 24 25
-10 12 13 14 15 16 17 18 19 21 22 23 24 25
-11 12 13 15 16 17 18 19 20 23 25
-12 13 14 15 21 22 24
-13 14 15 16 18 19 21 22 23 25
-14 15 16 17 18 20 21 22 23 25
-15 16 17 18 20 21 22 23 24 25
-16 17 18 19 20 21 22 23 24
-17 18 19 20 21 22 23 25
-18 19 20 21 23 24
-19 21 22 23
-20 21 22 24 25
-21 22 23 24 25
-22 23 24 25
-23
-24
-25