second
25
-1 23 19 8 6 15 5 9 24 22 17 7 11 3 13 16 20
-23 19 8 6 15 5 9 25 22 10 7 11 14 2 20 21
-18 19 8 6 15 5 4 9 24 25 22 17 10 7 11 3 16 2 21
-19 8 15 5 4 24 25 10 7 11 14 3 13 2 20 21
-8 6 15 5 25 22 12 10 7 14 3 16 2 20 21
-6 15 5 4 9 24 25 22 12 11 14 3 16 2 20 21
-15 5 9 24 22 12 17 3 13 16 20
-5 4 9 24 12 17 7 14 3 16 2 20 21
-4 9 25 22 17 10 7 11 14 3 13 2 20 21
-9 25 22 12 17 10 7 11 14 13 16 2 20 21
-24 25 22 17 10 7 11 14 3 2 21
-25 22 12 17 13 16 20
-22 12 17 10 11 14 13 16 2 21
-12 17 10 7 11 3 13 16 2 21
-17 10 7 11 3 13 16 2 20 21
-10 7 11 14 3 13 16 2 20
-7 11 14 3 13 16 2 21
-11 14 3 13 2 20
-14 13 16 2
-3 13 16 20 21
-13 16 2 20 21
-16 2 20 21
-2
-20
-21